0.40700
0.39300
0.39400
0.41100
0.39900
0.40700
0.41400
0.41400
0.41400
0.38400
0.41500
0.42200
0.41400
0.45600
0.39300
0.42100
0.41400
0.41600
0.41800
0.38800
0.42200
0.43400
0.38700
0.38100
0.42800
0.39500
0.42200
0.39900
0.42600
0.39500
0.42500
0.41300
0.39600
0.42000
0.42200
0.42200
0.40600
0.41100
0.40900
0.41500
0.39700
0.40500
0.41400
0.42100
0.44000
0.42600
0.41500
0.42000
0.40700
0.39700
0.43500
0.43200
0.42500
0.40100
0.39000
0.40800
0.39100
0.40000
0.40100
0.39500
0.39200
0.40000
0.41100
0.43000
0.43500
0.40800
0.39500
0.42000
0.39800
0.39100
0.40300
0.41900
0.45700
0.40200
0.39500
0.39800
0.39600
0.42300
0.41600
0.42500
0.41000
0.40900
0.40500
0.43700
0.39800
0.41400
0.41200
0.43000
0.42700
0.42300
0.42900
0.43500
0.38700
0.41200
0.40600
0.41400
0.41800
0.41000
0.40700
0.39900
0.40600
0.40800
0.40400
0.43700
0.43600
